0	0.00693
4E-5	0.09746
8E-5	0.26318
1.2E-4	0.45709
1.6E-4	0.79698
2E-4	1.21283
2.4E-4	1.63492
2.8E-4	2.08805
3.2E-4	2.66753
3.6E-4	3.11599
4E-4	3.4349
4.4E-4	3.71967
4.8E-4	3.90105
5.2E-4	3.93336
5.6E-4	3.95896
6E-4	3.83796
6.4E-4	3.61863
6.8E-4	3.23162
7.2E-4	2.79566
7.6E-4	2.28828
8E-4	1.78103
8.4E-4	1.36882
8.8E-4	0.98168
9.2E-4	0.66725
9.6E-4	0.37903
0.001	0.21146
0.00104	0.0943
0.00108	0.07481
0.00112	0.29409
0.00116	0.54049
0.0012	0.74356
0.00124	1.1148
0.00128	1.5129
0.00132	1.93787
0.00136	2.2721
0.0014	2.68011
0.00144	2.90315
0.00148	3.1528
0.00152	3.24084
0.00156	3.21427
0.0016	3.11996
0.00164	3.02822
0.00168	2.72725
0.00172	2.38145
0.00176	2.01402
0.0018	1.60109
0.00184	1.1658
0.00188	0.82523
0.00192	0.48511
0.00196	0.26286
0.002	0.1113
0.00204	0.07731
0.00208	0.1608
0.00212	0.36169
0.00216	0.58599
0.0022	0.85734
0.00224	1.12886
0.00228	1.51835
0.00232	1.93195
0.00236	2.32266
0.0024	2.66698
0.00244	2.94143
0.00248	3.19306
0.00252	3.21028
0.00256	3.22827
0.0026	3.05888
0.00264	2.91366
0.00268	2.72186
0.00272	2.3893
0.00276	1.98639
0.0028	1.58341
0.00284	1.22706
0.00288	0.86973
0.00292	0.51106
0.00296	0.29174
0.003	0.11737
0.00304	0.10519
0.00308	0.16092
0.00312	0.30792
0.00316	0.54609
0.0032	0.87543
0.00324	1.31946
0.00328	1.7138
0.00332	2.17645
0.00336	2.63718
0.0034	3.02585
0.00344	3.31932
0.00348	3.6355
0.00352	3.7161
0.00356	3.65562
0.0036	3.59541
0.00364	3.4886
0.00368	3.21786
0.00372	2.90095
0.00376	2.51447
0.0038	2.01151
0.00384	1.55669
0.00388	1.14992
0.00392	0.744
0.00396	0.47983
0.004	0.33364
0.00404	0.21123
0.00408	0.20652
0.00412	0.29587
0.00416	0.47918
0.0042	0.8034
0.00424	1.19791
0.00428	1.66273
0.00432	2.05689
0.00436	2.4982
0.0044	2.86929
0.00444	3.2174
0.00448	3.4252
0.00452	3.42246
0.00456	3.51503
0.0046	3.4913
0.00464	3.30446
0.00468	3.00165
0.00472	2.65347
0.00476	2.28338
0.0048	1.84429
0.00484	1.43013
0.00488	1.04072
0.00492	0.74643
0.00496	0.59406
0.005	0.30138
0.00504	0.12706
0.00508	0.16491
0.00512	0.41471
0.00516	0.61773
0.0052	1.12661
0.00524	1.44756
0.00528	1.93342
0.00532	2.39612
0.00536	2.81225
0.0054	3.15839
0.00544	3.50513
0.00548	3.73494
0.00552	3.65992
0.00556	3.63283
0.0056	3.6535
0.00564	3.41619
0.00568	3.15601
0.00572	2.80226
0.00576	2.44879
0.0058	2.0013
0.00584	1.57707
0.00588	1.12874
0.00592	0.77334
0.00596	0.67486
0.006	0.45663
0.00604	0.23605
0.00608	0.15393
0.00612	0.32749
0.00616	0.52138
0.0062	1.01762
0.00624	1.43996
0.00628	1.95318
0.00632	2.36944
0.00636	2.7833
0.0064	3.0777
0.00644	3.39415
0.00648	3.63901
0.00652	3.57768
0.00656	3.77484
0.0066	3.73694
0.00664	3.46448
0.00668	3.12245
0.00672	2.7346
0.00676	2.3716
0.0068	1.93952
0.00684	1.60299
0.00688	1.19749
0.00692	0.864
0.00696	0.76727
0.007	0.39025
0.00704	0.18007
0.00708	0.06625
0.00712	0.23689
0.00716	0.40983
0.0072	0.74976
0.00724	1.18613
0.00728	1.60146
0.00732	1.99592
0.00736	2.46369
0.0074	2.81646
0.00744	3.19512
0.00748	3.50538
0.00752	3.60598
0.00756	3.66137
0.0076	3.62424
0.00764	3.49426
0.00768	3.10663
0.00772	2.71967
0.00776	2.35637
0.0078	1.92216
0.00784	1.51056
0.00788	1.05024
0.00792	0.63465
0.00796	0.38076
0.008	0.19396
0.00804	0.19135
0.00808	0.11404
0.00812	0.33801
0.00816	0.55744
0.0082	0.91342
0.00824	1.24153
0.00828	1.73013
0.00832	2.09765
0.00836	2.55625
0.0084	2.96529
0.00844	3.25481
0.00848	3.42537
0.00852	3.642
0.00856	3.71702
0.0086	3.67443
0.00864	3.51467
0.00868	3.19114
0.00872	2.75128
0.00876	2.38342
0.0088	1.97014
0.00884	1.51163
0.00888	1.12529
0.00892	0.78757
0.00896	0.42789
0.009	0.21078
0.00904	0.08904
0.00908	0.13303
0.00912	0.36602
0.00916	0.64675
0.0092	1.04563
0.00924	1.32747
0.00928	1.75088
0.00932	2.22188
0.00936	2.62292
0.0094	3.07158
0.00944	3.37979
0.00948	3.64162
0.00952	3.71606
0.00956	3.76769
0.0096	3.67889
0.00964	3.40261
0.00968	3.17387
0.00972	2.80431
0.00976	2.34081
0.0098	1.85364
0.00984	1.36599
0.00988	1.04176
0.00992	0.71588
0.00996	0.38803
0.01	0.10498
0.01004	0.07799
0.01008	0.14217
0.01012	0.34439
0.01016	0.54355
0.0102	0.85728
0.01024	1.21519
0.01028	1.64099
0.01032	1.99418
0.01036	2.41625
0.0104	2.8135
0.01044	3.16285
0.01048	3.2767
0.01052	3.29666
0.01056	3.19961
0.0106	3.07997
0.01064	2.98499
0.01068	2.72682
0.01072	2.37633
0.01076	2.00425
0.0108	1.54024
0.01084	1.12551
0.01088	0.68926
0.01092	0.41932
0.01096	0.29176
0.011	0.16525
0.01104	0.15709
0.01108	0.05551
0.01112	0.21299
0.01116	0.41758
0.0112	0.66915
0.01124	0.94406
0.01128	1.33621
0.01132	1.77521
0.01136	2.14372
0.0114	2.39506
0.01144	2.74104
0.01148	2.92323
0.01152	3.01248
0.01156	3.009
0.0116	2.96001
0.01164	2.81861
0.01168	2.65545
0.01172	2.32955
0.01176	2.02907
0.0118	1.56597
0.01184	1.26934
0.01188	0.88039
0.01192	0.58716
0.01196	0.38942
0.012	0.21646
0.01204	0.11517
0.01208	0.15587
0.01212	0.26779
0.01216	0.45077
0.0122	0.68114
0.01224	1.14678
0.01228	1.54182
0.01232	1.98376
0.01236	2.35496
0.0124	2.74937
0.01244	3.02583
0.01248	3.27831
0.01252	3.36564
0.01256	3.40531
0.0126	3.3266
0.01264	3.12935
0.01268	2.69591
0.01272	2.28469
0.01276	1.96577
0.0128	1.59763
0.01284	1.15641
0.01288	0.82975
0.01292	0.45294
0.01296	0.23756
0.013	0.04247
0.01304	0.05581
0.01308	0.13656
0.01312	0.33195
0.01316	0.61873
0.0132	0.87977
0.01324	1.20964
0.01328	1.65588
0.01332	2.07802
0.01336	2.49996
0.0134	2.80452
0.01344	3.10968
0.01348	3.27472
0.01352	3.32356
0.01356	3.4916
0.0136	3.33236
0.01364	3.03442
0.01368	2.73909
0.01372	2.32895
0.01376	2.01573
0.0138	1.61134
0.01384	1.28044
0.01388	0.92861
0.01392	0.57906
0.01396	0.32547
0.014	0.00292
0.01404	-0.0128
0.01408	0.11316
0.01412	0.33334
0.01416	0.57689
0.0142	0.82006
0.01424	1.15661
0.01428	1.51572
0.01432	1.85047
0.01436	2.34899
0.0144	2.77618
0.01444	3.08519
0.01448	3.20571
0.01452	3.23198
0.01456	3.2816
0.0146	3.14298
0.01464	2.81627
0.01468	2.51311
0.01472	2.13931
0.01476	1.81228
0.0148	1.32031
0.01484	0.94535
0.01488	0.59317
0.01492	0.40466
0.01496	0.23859
0.015	0.02446
0.01504	0.04439
0.01508	0.2512
0.01512	0.43331
0.01516	0.66146
0.0152	1.00634
0.01524	1.3976
0.01528	1.76504
0.01532	2.22641
0.01536	2.61734
0.0154	2.91463
0.01544	3.16559
0.01548	3.32342
0.01552	3.38835
0.01556	3.45463
0.0156	3.26379
0.01564	3.0277
0.01568	2.7699
0.01572	2.41988
0.01576	1.9542
0.0158	1.56092
0.01584	1.21635
0.01588	0.87299
0.01592	0.554
0.01596	0.25899
0.016	0.05814
0.01604	0.09209
0.01608	0.17233
0.01612	0.32212
0.01616	0.54125
0.0162	0.94704
0.01624	1.37471
0.01628	1.75372
0.01632	2.17843
0.01636	2.62554
0.0164	3.00129
0.01644	3.30598
0.01648	3.49289
0.01652	3.58583
0.01656	3.53806
0.0166	3.25582
0.01664	2.88049
0.01668	2.52971
0.01672	2.25043
0.01676	1.80756
0.0168	1.38923
0.01684	0.94802
0.01688	0.55402
0.01692	0.34776
0.01696	0.07018
0.017	-0.06747
0.01704	0.12237
0.01708	0.33357
0.01712	0.49543
0.01716	0.60787
0.0172	0.88234
0.01724	1.20112
0.01728	1.68196
0.01732	2.04302
0.01736	2.40232
0.0174	2.76015
0.01744	2.99935
0.01748	3.14384
0.01752	3.19397
0.01756	3.19708
0.0176	3.15342
0.01764	3.03971
0.01768	2.78565
0.01772	2.29752
0.01776	1.95168
0.0178	1.5365
0.01784	1.12257
0.01788	0.85088
0.01792	0.53322
0.01796	0.33414
0.018	0.15949
0.01804	0.10324
0.01808	0.18878
0.01812	0.36899
0.01816	0.64379
0.0182	0.87216
0.01824	1.21875
0.01828	1.66001
0.01832	2.00795
0.01836	2.38034
0.0184	2.73025
0.01844	2.98729
0.01848	3.15164
0.01852	3.19993
0.01856	3.15582
0.0186	3.08987
0.01864	2.95507
0.01868	2.6339
0.01872	2.17347
0.01876	1.85581
0.0188	1.51606
0.01884	1.01273
0.01888	0.60406
0.01892	0.38347
0.01896	0.18584
0.019	0.1283
0.01904	0.13989
0.01908	0.26727
0.01912	0.48658
0.01916	0.89155
0.0192	1.17637
0.01924	1.50562
0.01928	1.95004
0.01932	2.41577
0.01936	2.76208
0.0194	3.05982
0.01944	3.26227
0.01948	3.53424
0.01952	3.61728
0.01956	3.55876
0.0196	3.38242
0.01964	3.20595
0.01968	2.91188
0.01972	2.66482
0.01976	2.25317
0.0198	1.86506
0.01984	1.50036
0.01988	1.06493
0.01992	0.65275
0.01996	0.40472
0.02	0.27363
0.02004	0.18882
0.02008	0.1738
0.02012	0.34604
0.02016	0.51745
0.0202	0.87618
0.02024	1.18719
0.02028	1.75627
0.02032	2.23086
0.02036	2.61132
0.0204	2.92149
0.02044	3.13814
0.02048	3.44955
0.02052	3.57376
0.02056	3.5816
0.0206	3.47326
0.02064	3.27244
0.02068	3.00274
0.02072	2.47623
0.02076	2.09266
0.0208	1.71076
0.02084	1.33044
0.02088	0.99826
0.02092	0.54936
0.02096	0.3126
0.021	0.16998
0.02104	0.14467
0.02108	0.16589
0.02112	0.30397
0.02116	0.5117
0.0212	0.83597
0.02124	1.13566
0.02128	1.50485
0.02132	1.92035
0.02136	2.33539
0.0214	2.67975
0.02144	2.93029
0.02148	3.11086
0.02152	3.17474
0.02156	3.19276
0.0216	3.11811
0.02164	2.92754
0.02168	2.69177
0.02172	2.38741
0.02176	1.99106
0.0218	1.66736
0.02184	1.27519
0.02188	0.88483
0.02192	0.5196
0.02196	0.29673
0.022	0.16887
0.02204	0.06524
0.02208	0.10315
0.02212	0.3293
0.02216	0.50832
0.0222	0.68719
0.02224	0.98334
0.02228	1.30255
0.02232	1.76249
0.02236	2.19862
0.0224	2.47008
0.02244	2.74163
0.02248	3.01333
0.02252	3.14421
0.02256	3.15795
0.0226	3.03116
0.02264	3.06946
0.02268	2.87304
0.02272	2.53608
0.02276	2.1291
0.0228	1.67552
0.02284	1.29268
0.02288	0.95658
0.02292	0.61993
0.02296	0.37652
0.023	0.15561
0.02304	0.19204
0.02308	0.17994
0.02312	0.28385
0.02316	0.57416
0.0232	0.83924
0.02324	1.29071
0.02328	1.71701
0.02332	2.14211
0.02336	2.61323
0.0234	2.94252
0.02344	3.24787
0.02348	3.43547
0.02352	3.5761
0.02356	3.5524
0.0236	3.36466
0.02364	3.22461
0.02368	2.9207
0.02372	2.57059
0.02376	2.08027
0.0238	1.61434
0.02384	1.21966
0.02388	0.84898
0.02392	0.52562
0.02396	0.29643
0.024	0.13773
0.02404	0.09638
0.02408	0.19573
0.02412	0.36514
0.02416	0.6516
0.0242	0.91406
0.02424	1.2702
0.02428	1.67305
0.02432	1.93479
0.02436	2.3848
0.0244	2.69404
0.02444	3.00384
0.02448	3.33783
0.02452	3.4376
0.02456	3.3505
0.0246	3.31182
0.02464	3.3685
0.02468	3.09739
0.02472	2.61636
0.02476	2.25458
0.0248	1.80028
0.02484	1.41795
0.02488	0.91929
0.02492	0.65677
0.02496	0.37146
0.025	0.36872
0.02504	0.29562
0.02508	0.22266
0.02512	0.36129
0.02516	0.71121
0.0252	1.10768
0.02524	1.45666
0.02528	1.82877
0.02532	2.22408
0.02536	2.57216
0.0254	2.92014
0.02544	3.15055
0.02548	3.38106
0.02552	3.58814
0.02556	3.53678
0.0256	3.53271
0.02564	3.59925
0.02568	3.21915
0.02572	2.74528
0.02576	2.41254
0.0258	2.009
0.02584	1.60497
0.02588	1.19998
0.02592	0.77037
0.02596	0.45703
0.026	0.35375
0.02604	0.22522
0.02608	-0.02249
0.02612	0.29237
0.02616	0.67569
0.0262	1.08058
0.02624	1.41325
0.02628	1.83856
0.02632	2.1689
0.02636	2.68661
0.0264	2.96865
0.02644	3.32096
0.02648	3.5321
0.02652	3.79037
0.02656	3.79026
0.0266	3.74364
0.02664	3.65055
0.02668	3.34653
0.02672	2.87876
0.02676	2.36484
0.0268	1.89871
0.02684	1.50363
0.02688	1.08521
0.02692	0.83118
0.02696	0.52961
0.027	0.29784
0.02704	0.18265
0.02708	0.16027
0.02712	0.25402
0.02716	0.60473
0.0272	1.2121
0.02724	1.55889
0.02728	1.85702
0.02732	2.20084
0.02736	2.54357
0.0274	2.86192
0.02744	3.22664
0.02748	3.54386
0.02752	3.62578
0.02756	3.73132
0.0276	3.64902
0.02764	3.47318
0.02768	3.08642
0.02772	2.91197
0.02776	2.5735
0.0278	2.09466
0.02784	1.7105
0.02788	1.25627
0.02792	0.7789
0.02796	0.56028
0.028	0.34151
0.02804	0.16951
0.02808	0.11471
0.02812	0.31797
0.02816	0.37954
0.0282	0.65218
0.02824	1.08876
0.02828	1.47773
0.02832	1.88987
0.02836	2.39585
0.0284	2.6668
0.02844	2.93818
0.02848	3.16316
0.02852	3.34195
0.02856	3.45118
0.0286	3.44402
0.02864	3.25015
0.02868	2.94032
0.02872	2.63214
0.02876	2.25506
0.0288	1.73858
0.02884	1.31776
0.02888	0.99207
0.02892	0.71408
0.02896	0.36594
0.029	0.1355
0.02904	0.1164
0.02908	0.21423
0.02912	0.35822
0.02916	0.57174
0.0292	0.92517
0.02924	1.30084
0.02928	1.76928
0.02932	2.26024
0.02936	2.65648
0.0294	2.98188
0.02944	3.30725
0.02948	3.44482
0.02952	3.48901
0.02956	3.44005
0.0296	3.3217
0.02964	3.1106
0.02968	2.83043
0.02972	2.50477
0.02976	2.03969
0.0298	1.5998
0.02984	1.20851
0.02988	0.86571
0.02992	0.61818
0.02996	0.41872
0.03	0.22017
0.03004	0.06943
0.03008	0.06036
0.03012	0.19274
0.03016	0.39584
0.0302	0.74003
0.03024	1.13111
0.03028	1.52201
0.03032	1.98321
0.03036	2.35014
0.0304	2.74041
0.03044	3.10695
0.03048	3.42624
0.03052	3.65122
0.03056	3.64091
0.0306	3.55994
0.03064	3.40817
0.03068	3.115
0.03072	2.89182
0.03076	2.33875
0.0308	1.87889
0.03084	1.44125
0.03088	1.04895
0.03092	0.7017
0.03096	0.44626
0.031	0.28241
0.03104	0.20998
0.03108	0.15838
0.03112	0.29218
0.03116	0.49381
0.0312	0.8809
0.03124	1.35952
0.03128	1.7889
0.03132	2.21652
0.03136	2.64268
0.0314	2.97369
0.03144	3.32743
0.03148	3.5161
0.03152	3.58713
0.03156	3.70531
0.0316	3.49473
0.03164	3.30841
0.03168	2.93487
0.03172	2.58589
0.03176	2.23794
0.0318	1.75001
0.03184	1.28671
0.03188	0.87133
0.03192	0.57441
0.03196	0.32536
0.032	0.12423
0.03204	0.15906
0.03208	0.21819
0.03212	0.39573
0.03216	0.55071
0.0322	0.82429
0.03224	1.16954
0.03228	1.58657
0.03232	2.0286
0.03236	2.37816
0.0324	2.75291
0.03244	2.96481
0.03248	3.13157
0.03252	3.22968
0.03256	3.23567
0.0326	3.19653
0.03264	3.04169
0.03268	2.74763
0.03272	2.4553
0.03276	2.07049
0.0328	1.61656
0.03284	1.18732
0.03288	0.8294
0.03292	0.56593
0.03296	0.3025
0.033	0.22688
0.03304	0.19766
0.03308	0.2381
0.03312	0.48902
0.03316	0.64456
0.0332	0.96331
0.03324	1.37456
0.03328	1.76072
0.03332	2.19242
0.03336	2.45819
0.0334	2.74627
0.03344	3.0332
0.03348	3.20146
0.03352	3.27469
0.03356	3.20593
0.0336	3.11279
0.03364	2.92468
0.03368	2.52406
0.03372	2.26352
0.03376	1.97817
0.0338	1.62082
0.03384	1.23831
0.03388	0.78336
0.03392	0.42052
0.03396	0.24368
0.034	0.11171
0.03404	0.11865
0.03408	0.14699
0.03412	0.45546
0.03416	0.62095
0.0342	0.85548
0.03424	1.3003
0.03428	1.79109
0.03432	2.30478
0.03436	2.77109
0.0344	3.14328
0.03444	3.32764
0.03448	3.41858
0.03452	3.51032
0.03456	3.50895
0.0346	3.46163
0.03464	3.22745
0.03468	2.75963
0.03472	2.48141
0.03476	2.15746
0.0348	1.59977
0.03484	1.0905
0.03488	0.86444
0.03492	0.61555
0.03496	0.36741
0.035	0.14363
0.03504	0.08523
0.03508	0.00412
0.03512	0.27645
0.03516	0.40839
0.0352	0.47077
0.03524	0.88682
0.03528	1.37423
0.03532	1.93312
0.03536	2.32857
0.0354	2.79572
0.03544	3.05239
0.03548	3.14571
0.03552	3.28724
0.03556	3.35922
0.0356	3.17356
0.03564	2.98881
0.03568	2.61669
0.03572	2.33915
0.03576	1.87371
0.0358	1.31427
0.03584	0.84855
0.03588	0.66405
0.03592	0.40779
0.03596	0.22079
0.036	-0.01456
0.03604	-0.03966
0.03608	0.09835
0.03612	0.3994
0.03616	0.46402
0.0362	0.66882
0.03624	1.13142
0.03628	1.47592
0.03632	1.9614
0.03636	2.3999
0.0364	2.76818
0.03644	3.08999
0.03648	3.29503
0.03652	3.36007
0.03656	3.40286
0.0366	3.37649
0.03664	3.11654
0.03668	2.9053
0.03672	2.62517
0.03676	2.13515
0.0368	1.67041
0.03684	1.25429
0.03688	0.88659
0.03692	0.68459
0.03696	0.41297
0.037	0.1657
0.03704	0.03664
0.03708	0.14308
0.03712	0.27318
0.03716	0.37987
0.0372	0.62767
0.03724	1.03989
0.03728	1.49887
0.03732	2.00459
0.03736	2.32203
0.0374	2.7804
0.03744	3.14455
0.03748	3.46154
0.03752	3.59036
0.03756	3.67212
0.0376	3.65977
0.03764	3.52973
0.03768	3.21145
0.03772	2.89292
0.03776	2.38584
0.0378	1.90167
0.03784	1.41655
0.03788	0.97695
0.03792	0.6296
0.03796	0.44472
0.038	0.28102
0.03804	0.18543
0.03808	0.13442
0.03812	0.38656
0.03816	0.56565
0.0382	0.93054
0.03824	1.38734
0.03828	1.86581
0.03832	2.36653
0.03836	2.70187
0.0384	2.98988
0.03844	3.18393
0.03848	3.33144
0.03852	3.40923
0.03856	3.34711
0.0386	3.28648
0.03864	3.01599
0.03868	2.74752
0.03872	2.34021
0.03876	1.91178
0.0388	1.55632
0.03884	1.08578
0.03888	0.75846
0.03892	0.50334
0.03896	0.34348
0.039	0.20793
0.03904	0.02586
0.03908	0.12603
0.03912	0.31984
0.03916	0.51291
0.0392	0.79901
0.03924	1.20133
0.03928	1.7195
0.03932	2.11856
0.03936	2.53983
0.0394	2.91293
0.03944	3.19105
0.03948	3.44492
0.03952	3.48664
0.03956	3.34001
0.0396	3.24029
0.03964	3.09336
0.03968	2.73474
0.03972	2.32912
0.03976	1.89992
0.0398	1.54104
0.03984	1.04074
0.03988	0.68088
0.03992	0.4377
0.03996	0.24049
0.04	0.13615
0.04004	0.07759
0.04008	0.06478
0.04012	0.26226
0.04016	0.43487
0.0402	0.79433
0.04024	1.03509
0.04028	1.53352
0.04032	1.8902
0.04036	2.26997
0.0404	2.64951
0.04044	2.93496
0.04048	3.19707
0.04052	3.29497
0.04056	3.22894
0.0406	3.18724
0.04064	3.00531
0.04068	2.77733
0.04072	2.3623
0.04076	1.99537
0.0408	1.60588
0.04084	1.17023
0.04088	0.78227
0.04092	0.41847
0.04096	0.26686
0.041	0.16275
0.04104	0.10617
0.04108	0.14419
0.04112	0.30033
0.04116	0.52762
0.0412	0.77915
0.04124	1.05509
0.04128	1.49666
0.04132	1.98645
0.04136	2.38347
0.0414	2.61737
0.04144	2.87636
0.04148	3.04293
0.04152	3.11713
0.04156	3.07553
0.0416	2.96516
0.04164	2.80948
0.04168	2.53791
0.04172	2.1269
0.04176	1.74091
0.0418	1.35619
0.04184	1.06648
0.04188	0.70675
0.04192	0.4413
0.04196	0.22277
0.042	0.07441
0.04204	0.01949
0.04208	0.05778
0.04212	0.25961
0.04216	0.48377
0.0422	0.75377
0.04224	1.16363
0.04228	1.50181
0.04232	1.9567
0.04236	2.38737
0.0424	2.65303
0.04244	2.89502
0.04248	3.06653
0.04252	3.21473
0.04256	3.19872
0.0426	3.13627
0.04264	2.90994
0.04268	2.54341
0.04272	2.24831
0.04276	1.81299
0.0428	1.35501
0.04284	1.03879
0.04288	0.79326
0.04292	0.52397
0.04296	0.23063
0.043	0.07749
0.04304	0.04065
0.04308	0.14329
0.04312	0.33807
0.04316	0.48378
0.0432	0.86245
0.04324	1.28575
0.04328	1.75366
0.04332	2.14895
0.04336	2.6365
0.0434	3.14597
0.04344	3.46609
0.04348	3.71482
0.04352	3.70442
0.04356	3.76437
0.0436	3.7302
0.04364	3.5081
0.04368	3.19234
0.04372	2.83006
0.04376	2.39779
0.0438	1.87207
0.04384	1.37043
0.04388	0.98659
0.04392	0.57942
0.04396	0.40744
0.044	0.16493
0.04404	0.15755
0.04408	0.24408
0.04412	0.42453
0.04416	0.62845
0.0442	1.02045
0.04424	1.45951
0.04428	1.82827
0.04432	2.2447
0.04436	2.63839
0.0444	3.10345
0.04444	3.40486
0.04448	3.61338
0.04452	3.72913
0.04456	3.61119
0.0446	3.4948
0.04464	3.33287
0.04468	3.03132
0.04472	2.66067
0.04476	2.17381
0.0448	1.87616
0.04484	1.46173
0.04488	1.00092
0.04492	0.65816
0.04496	0.29226
0.045	0.2087
0.04504	0.19559
0.04508	0.06491
0.04512	0.26334
0.04516	0.50857
0.0452	0.89468
0.04524	1.11616
0.04528	1.40843
0.04532	1.9361
0.04536	2.32296
0.0454	2.75723
0.04544	2.98039
0.04548	3.1337
0.04552	3.45222
0.04556	3.39517
0.0456	3.22144
0.04564	3.02506
0.04568	2.89988
0.04572	2.51665
0.04576	2.03996
0.0458	1.77519
0.04584	1.48681
0.04588	1.03356
0.04592	0.67386
0.04596	0.26632
0.046	0.11631
0.04604	0.10584
0.04608	0.11713
0.04612	0.1971
0.04616	0.46315
0.0462	0.86812
0.04624	1.10641
0.04628	1.31939
0.04632	1.85977
0.04636	2.42186
0.0464	2.74735
0.04644	3.00123
0.04648	3.32473
0.04652	3.52989
0.04656	3.52294
0.0466	3.46873
0.04664	3.32033
0.04668	3.00736
0.04672	2.69449
0.04676	2.21715
0.0468	1.81043
0.04684	1.49765
0.04688	1.09054
0.04692	0.75363
0.04696	0.36928
0.047	0.24305
0.04704	0.16313
0.04708	0.05906
0.04712	0.2835
0.04716	0.5542
0.0472	0.94182
0.04724	1.09398
0.04728	1.50478
0.04732	2.05675
0.04736	2.39751
0.0474	2.85661
0.04744	3.08168
0.04748	3.35526
0.04752	3.60697
0.04756	3.53153
0.0476	3.341
0.04764	3.17662
0.04768	3.01494
0.04772	2.6915
0.04776	2.20652
0.0478	1.79519
0.04784	1.45736
0.04788	1.05156
0.04792	0.60093
0.04796	0.26965
0.048	0.15118
0.04804	0.17441
0.04808	0.19785
0.04812	0.2917
0.04816	0.4556
0.0482	0.83022
0.04824	1.15658
0.04828	1.43455
0.04832	1.92285
0.04836	2.36291
0.0484	2.73145
0.04844	3.00519
0.04848	3.20786
0.04852	3.43361
0.04856	3.61195
0.0486	3.57848
0.04864	3.40393
0.04868	3.1354
0.04872	2.86693
0.04876	2.45739
0.0488	2.09482
0.04884	1.68499
0.04888	1.27473
0.04892	0.95793
0.04896	0.5699
0.049	0.22814
0.04904	0.16758
0.04908	0.17638
0.04912	0.37203
0.04916	0.61338
0.0492	0.94753
0.04924	1.28052
0.04928	1.77708
0.04932	2.22572
0.04936	2.6032
0.0494	3.00376
0.04944	3.31
0.04948	3.52214
0.04952	3.64036
0.04956	3.7118
0.0496	3.57203
0.04964	3.38577
0.04968	3.10601
0.04972	2.66226
0.04976	2.26609
0.0498	1.77627
0.04984	1.33373
0.04988	0.98506
0.04992	0.636
0.04996	0.40399
0.05	0.21834
0.05004	0.1495
0.05008	0.15037
0.05012	0.29144
0.05016	0.5727
0.0502	0.82964
0.05024	1.34453
0.05028	1.7883
0.05032	2.185
0.05036	2.55844
0.0504	2.88534
0.05044	3.14244
0.05048	3.40049
0.05052	3.5421
0.05056	3.56751
0.0506	3.45342
0.05064	3.27054
0.05068	2.87795
0.05072	2.51085
0.05076	2.16915
0.0508	1.80571
0.05084	1.37344
0.05088	0.9425
0.05092	0.60652
0.05096	0.31806
0.051	0.12374
0.05104	0.09368
0.05108	0.13344
0.05112	0.2897
0.05116	0.58569
0.0512	0.85657
0.05124	1.14929
0.05128	1.55775
0.05132	2.05853
0.05136	2.41673
0.0514	2.77365
0.05144	3.03546
0.05148	3.22588
0.05152	3.32159
0.05156	3.36976
0.0516	3.22946
0.05164	3.06542
0.05168	2.80712
0.05172	2.3841
0.05176	1.93747
0.0518	1.58462
0.05184	1.23131
0.05188	0.83024
0.05192	0.54593
0.05196	0.33125
0.052	0.16267
0.05204	0.08721
0.05208	0.15188
0.05212	0.28618
0.05216	0.60775
0.0522	0.9521
0.05224	1.31952
0.05228	1.68679
0.05232	2.19539
0.05236	2.56341
0.0524	2.88524
0.05244	3.13762
0.05248	3.41482
0.05252	3.52892
0.05256	3.62124
0.0526	3.52739
0.05264	3.38862
0.05268	2.97
0.05272	2.67133
0.05276	2.28092
0.0528	1.93976
0.05284	1.5772
0.05288	1.05181
0.05292	0.66895
0.05296	0.35765
0.053	0.18803
0.05304	0.18318
0.05308	0.24867
0.05312	0.43124
0.05316	0.73061
0.0532	1.09951
0.05324	1.37328
0.05328	1.78699
0.05332	2.45825
0.05336	2.9169
0.0534	3.30435
0.05344	3.59732
0.05348	3.796
0.05352	3.94755
0.05356	4.05204
0.0536	3.89801
0.05364	3.67372
0.05368	3.33216
0.05372	2.96731
0.05376	2.50856
0.0538	2.0263
0.05384	1.56733
0.05388	1.01385
0.05392	0.69472
0.05396	0.39795
0.054	0.28786
0.05404	0.24663
0.05408	0.4151
0.05412	0.65203
0.05416	0.91039
0.0542	1.23726
0.05424	1.63272
0.05428	2.12039
0.05432	2.70042
0.05436	3.11446
0.0544	3.38647
0.05444	3.51681
0.05448	3.69384
0.05452	3.63564
0.05456	3.57759
0.0546	3.49627
0.05464	3.39175
0.05468	3.07604
0.05472	2.69037
0.05476	2.30525
0.0548	1.77961
0.05484	1.27799
0.05488	0.87065
0.05492	0.62816
0.05496	0.38598
0.055	0.26178
0.05504	0.20859
0.05508	0.25001
0.05512	0.50361
0.05516	0.75783
0.0552	1.01286
0.05524	1.43343
0.05528	1.99601
0.05532	2.46569
0.05536	2.79548
0.0554	3.24385
0.05544	3.52851
0.05548	3.79042
0.05552	3.84136
0.05556	3.82232
0.0556	3.78004
0.05564	3.69069
0.05568	3.34242
0.05572	2.97011
0.05576	2.69082
0.0558	2.26894
0.05584	1.6571
0.05588	1.23098
0.05592	0.80207
0.05596	0.48766
0.056	0.35799
0.05604	0.27183
0.05608	0.2527
0.05612	0.53568
0.05616	0.7447
0.0562	1.06821
0.05624	1.45953
0.05628	2.03665
0.05632	2.56499
0.05636	2.99804
0.0564	3.40685
0.05644	3.53335
0.05648	3.73076
0.05652	3.78781
0.05656	3.77547
0.0566	3.76458
0.05664	3.52037
0.05668	3.18429
0.05672	2.70965
0.05676	2.30819
0.0568	1.86243
0.05684	1.349
0.05688	1.00274
0.05692	0.68231
0.05696	0.48154
0.057	0.25917
0.05704	0.1561
0.05708	0.19555
0.05712	0.28323
0.05716	0.63044
0.0572	0.93129
0.05724	1.27971
0.05728	1.81651
0.05732	2.30665
0.05736	2.6327
0.0574	3.00639
0.05744	3.28663
0.05748	3.44998
0.05752	3.567
0.05756	3.63764
0.0576	3.59131
0.05764	3.45147
0.05768	3.14749
0.05772	2.63236
0.05776	2.28202
0.0578	1.93147
0.05784	1.48637
0.05788	1.11097
0.05792	0.71092
0.05796	0.45052
0.058	0.25896
0.05804	0.15954
0.05808	0.10511
0.05812	0.30715
0.05816	0.60092
0.0582	0.79848
0.05824	1.18216
0.05828	1.63448
0.05832	2.15571
0.05836	2.62851
0.0584	2.95921
0.05844	3.2422
0.05848	3.40723
0.05852	3.50164
0.05856	3.50213
0.0586	3.45592
0.05864	3.31614
0.05868	2.94191
0.05872	2.54506
0.05876	1.98456
0.0588	1.61307
0.05884	1.19529
0.05888	0.89558
0.05892	0.54938
0.05896	0.32133
0.059	0.14089
0.05904	0.07861
0.05908	0.08748
0.05912	0.26156
0.05916	0.55382
0.0592	0.94079
0.05924	1.21105
0.05928	1.57645
0.05932	1.94318
0.05936	2.33478
0.0594	2.70422
0.05944	3.00453
0.05948	3.18876
0.05952	3.35099
0.05956	3.35015
0.0596	3.18632
0.05964	2.97705
0.05968	2.7457
0.05972	2.39808
0.05976	1.98108
0.0598	1.61202
0.05984	1.19655
0.05988	0.82837
0.05992	0.53092
0.05996	0.30412
0.06	0.1244
0.06004	0.08579
0.06008	0.14123
0.06012	0.31421
0.06016	0.53428
0.0602	0.87209
0.06024	1.23372
0.06028	1.59592
0.06032	2.006
0.06036	2.44041
0.0604	2.75811
0.06044	3.1002
0.06048	3.34907
0.06052	3.43426
0.06056	3.42634
0.0606	3.44276
0.06064	3.27179
0.06068	3.00744
0.06072	2.69656
0.06076	2.29192
0.0608	1.81682
0.06084	1.41199
0.06088	1.00629
0.06092	0.57588
0.06096	0.379
0.061	0.27414
0.06104	0.12004
0.06108	0.17517
0.06112	0.36875
0.06116	0.63016
0.0612	0.98291
0.06124	1.33309
0.06128	1.72792
0.06132	2.19134
0.06136	2.58258
0.0614	2.90204
0.06144	3.15004
0.06148	3.30342
0.06152	3.4095
0.06156	3.3745
0.0616	3.24575
0.06164	3.07047
0.06168	2.82528
0.06172	2.51033
0.06176	2.12571
0.0618	1.7655
0.06184	1.31214
0.06188	0.93019
0.06192	0.73697
0.06196	0.42667
0.062	0.2344
0.06204	0.20696
0.06208	0.10914
0.06212	0.19952
0.06216	0.43092
0.0622	0.7327
0.06224	1.19882
0.06228	1.59418
0.06232	2.01297
0.06236	2.4318
0.0624	2.85075
0.06244	3.15242
0.06248	3.36052
0.06252	3.63967
0.06256	3.70778
0.0626	3.51807
0.06264	3.35279
0.06268	2.8828
0.06272	2.57833
0.06276	2.18049
0.0628	1.71272
0.06284	1.31586
0.06288	0.94245
0.06292	0.61583
0.06296	0.28882
0.063	0.10234
0.06304	0.0797
0.06308	0.0562
0.06312	0.31389
0.06316	0.54704
0.0632	0.8498
0.06324	1.26929
0.06328	1.61758
0.06332	2.03613
0.06336	2.43104
0.0634	2.75551
0.06344	3.12724
0.06348	3.3818
0.06352	3.51941
0.06356	3.49324
0.0636	3.39752
0.06364	3.25581
0.06368	2.83311
0.06372	2.50569
0.06376	2.13231
0.0638	1.66589
0.06384	1.27086
0.06388	0.92344
0.06392	0.55284
0.06396	0.25294
0.064	0.14105
0.06404	0.12285
0.06408	0.17469
0.06412	0.461
0.06416	0.77006
0.0642	1.00793
0.06424	1.36284
0.06428	1.74083
0.06432	2.04813
0.06436	2.52007
0.0644	2.94517
0.06444	3.39418
0.06448	3.60874
0.06452	3.70677
0.06456	3.73552
0.0646	3.57765
0.06464	3.4214
0.06468	3.21977
0.06472	2.94928
0.06476	2.56295
0.0648	2.06081
0.06484	1.65437
0.06488	1.13159
0.06492	0.6803
0.06496	0.27665
0.065	0.24929
0.06504	0.19804
0.06508	0.31073
0.06512	0.3285
0.06516	0.5568
0.0652	0.83077
0.06524	1.26775
0.06528	1.703
0.06532	2.04275
0.06536	2.59274
0.0654	3.09428
0.06544	3.43
0.06548	3.52964
0.06552	3.6285
0.06556	3.75002
0.0656	3.61212
0.06564	3.54402
0.06568	3.21647
0.06572	2.88813
0.06576	2.5118
0.0658	2.01679
0.06584	1.47347
0.06588	0.95212
0.06592	0.57034
0.06596	0.28111
0.066	0.29603
0.06604	0.23898
0.06608	0.25135
0.06612	0.45088
0.06616	0.55576
0.0662	0.91905
0.06624	1.3294
0.06628	1.83431
0.06632	2.12873
0.06636	2.68311
0.0664	3.02726
0.06644	3.27909
0.06648	3.53281
0.06652	3.67099
0.06656	3.6703
0.0666	3.64844
0.06664	3.51137
0.06668	3.23566
0.06672	2.8684
0.06676	2.45655
0.0668	1.95299
0.06684	1.52216
0.06688	1.09308
0.06692	0.71241
0.06696	0.37977
0.067	0.3063
0.06704	0.25643
0.06708	0.25343
0.06712	0.43808
0.06716	0.71602
0.0672	1.06352
0.06724	1.48046
0.06728	1.91971
0.06732	2.24044
0.06736	2.67792
0.0674	3.09114
0.06744	3.33924
0.06748	3.44599
0.06752	3.5761
0.06756	3.63555
0.0676	3.4834
0.06764	3.28434
0.06768	3.03833
0.06772	2.6983
0.06776	2.26421
0.0678	1.80647
0.06784	1.39541
0.06788	0.98353
0.06792	0.68808
0.06796	0.39118
0.068	0.11617
0.06804	0.12141
0.06808	0.148
0.06812	0.33688
0.06816	0.47641
0.0682	0.77825
0.06824	1.17184
0.06828	1.61028
0.06832	1.90594
0.06836	2.3883
0.0684	2.6814
0.06844	2.99723
0.06848	3.14799
0.06852	3.39257
0.06856	3.37853
0.0686	3.45881
0.06864	3.3279
0.06868	3.05663
0.06872	2.6687
0.06876	2.37578
0.0688	1.9427
0.06884	1.53409
0.06888	1.14986
0.06892	0.86049
0.06896	0.47788
0.069	0.28416
0.06904	0.13816
0.06908	0.18087
0.06912	0.36516
0.06916	0.59695
0.0692	0.8763
0.06924	1.22681
0.06928	1.71904
0.06932	2.11797
0.06936	2.5178
0.0694	2.9186
0.06944	3.20289
0.06948	3.39431
0.06952	3.49296
0.06956	3.5224
0.0696	3.43561
0.06964	3.32662
0.06968	3.00729
0.06972	2.61868
0.06976	2.16066
0.0698	1.77407
0.06984	1.41154
0.06988	0.95495
0.06992	0.68595
0.06996	0.39243
0.07	0.21503
0.07004	0.10636
0.07008	0.11311
0.07012	0.32898
0.07016	0.56564
0.0702	0.96407
0.07024	1.31259
0.07028	1.65839
0.07032	2.14294
0.07036	2.55493
0.0704	2.91833
0.07044	3.18652
0.07048	3.45394
0.07052	3.53285
0.07056	3.49424
0.0706	3.43245
0.07064	3.23019
0.07068	2.88778
0.07072	2.57
0.07076	2.1829
0.0708	1.72664
0.07084	1.2953
0.07088	0.95912
0.07092	0.57678
0.07096	0.31265
0.071	0.21344
0.07104	0.09081
0.07108	0.10921
0.07112	0.26839
0.07116	0.45062
0.0712	0.72639
0.07124	1.04857
0.07128	1.48765
0.07132	1.80881
0.07136	2.22398
0.0714	2.59228
0.07144	2.82001
0.07148	3.02505
0.07152	3.13709
0.07156	3.0859
0.0716	3.03631
0.07164	2.94139
0.07168	2.63676
0.07172	2.31072
0.07176	1.93978
0.0718	1.54749
0.07184	1.11033
0.07188	0.74571
0.07192	0.45337
0.07196	0.25658
0.072	0.24911
0.07204	0.14858
0.07208	0.19003
0.07212	0.42018
0.07216	0.65073
0.0722	0.97563
0.07224	1.32421
0.07228	1.7434
0.07232	2.20966
0.07236	2.629
0.0724	2.95448
0.07244	3.13923
0.07248	3.4184
0.07252	3.41579
0.07256	3.39016
0.0726	3.29442
0.07264	3.19899
0.07268	2.93917
0.07272	2.65593
0.07276	2.16106
0.0728	1.80704
0.07284	1.38189
0.07288	1.00286
0.07292	0.59918
0.07296	0.40576
0.073	0.30468
0.07304	0.22528
0.07308	0.1205
0.07312	0.34288
0.07316	0.5866
0.0732	1.01624
0.07324	1.39672
0.07328	1.86932
0.07332	2.26963
0.07336	2.76239
0.0734	3.13608
0.07344	3.39094
0.07348	3.71514
0.07352	3.96761
0.07356	3.93693
0.0736	3.76437
0.07364	3.56752
0.07368	3.13479
0.07372	2.77178
0.07376	2.43122
0.0738	1.94832
0.07384	1.53452
0.07388	1.04837
0.07392	0.58401
0.07396	0.37648
0.074	0.23757
0.07404	0.21439
0.07408	0.21302
0.07412	0.4687
0.07416	0.65246
0.0742	0.9763
0.07424	1.41696
0.07428	1.88081
0.07432	2.39192
0.07436	2.76247
0.0744	2.99287
0.07444	3.08349
0.07448	3.29319
0.07452	3.41045
0.07456	3.3415
0.0746	3.18065
0.07464	3.02206
0.07468	2.63073
0.07472	2.21844
0.07476	1.78517
0.0748	1.44839
0.07484	1.0669
0.07488	0.80494
0.07492	0.5447
0.07496	0.33303
0.075	0.12273
0.07504	0.00767
0.07508	0.01114
0.07512	0.27391
0.07516	0.51359
0.0752	0.89469
0.07524	1.22901
0.07528	1.65758
0.07532	2.11001
0.07536	2.37481
0.0754	2.66376
0.07544	2.97685
0.07548	3.36106
0.07552	3.41676
0.07556	3.23829
0.0756	3.13135
0.07564	2.86072
0.07568	2.68493
0.07572	2.32169
0.07576	1.88851
0.0758	1.57323
0.07584	1.21096
0.07588	0.87196
0.07592	0.48535
0.07596	0.37986
0.076	0.2024
0.07604	-1.44636E-4
0.07608	0.1246
0.07612	0.20013
0.07616	0.39097
0.0762	0.76751
0.07624	1.16507
0.07628	1.56027
0.07632	2.04726
0.07636	2.43822
0.0764	2.73353
0.07644	3.05104
0.07648	3.50843
0.07652	3.58871
0.07656	3.52748
0.0766	3.48955
0.07664	3.31045
0.07668	2.9669
0.07672	2.57662
0.07676	2.11615
0.0768	1.70304
0.07684	1.33716
0.07688	0.97135
0.07692	0.60569
0.07696	0.40475
0.077	0.27441
0.07704	0.14418
0.07708	0.15516
0.07712	0.28382
0.07716	0.55364
0.0772	0.9176
0.07724	1.32875
0.07728	1.66971
0.07732	2.24626
0.07736	2.5646
0.0774	2.86006
0.07744	3.10913
0.07748	3.28831
0.07752	3.35059
0.07756	3.34301
0.0776	3.21849
0.07764	3.04749
0.07768	2.68884
0.07772	2.33054
0.07776	1.87831
0.0778	1.47296
0.07784	1.04361
0.07788	0.77797
0.07792	0.4644
0.07796	0.26756
0.078	0.14043
0.07804	0.15363
0.07808	0.1192
0.07812	0.36648
0.07816	0.56646
0.0782	0.86057
0.07824	1.22558
0.07828	1.63838
0.07832	2.05237
0.07836	2.49117
0.0784	2.81384
0.07844	3.11458
0.07848	3.20548
0.07852	3.3218
0.07856	3.25201
0.0786	3.25477
0.07864	3.1184
0.07868	2.81948
0.07872	2.52255
0.07876	2.08644
0.0788	1.65212
0.07884	1.24287
0.07888	0.88154
0.07892	0.59094
0.07896	0.32341
0.079	0.1959
0.07904	0.0903
0.07908	0.1237
0.07912	0.24861
0.07916	0.41767
0.0792	0.74814
0.07924	1.12221
0.07928	1.53976
0.07932	1.86012
0.07936	2.34234
0.0794	2.82214
0.07944	3.06493
0.07948	3.23586
0.07952	3.24134
0.07956	3.26991
0.0796	3.22781
0.07964	3.11536
0.07968	2.76839
0.07972	2.35185
0.07976	2.00701
0.0798	1.52239
0.07984	1.06278
0.07988	0.81613
0.07992	0.54733
0.07996	0.30358
0.08	0.20243
0.08004	0.05586
0.08008	-0.01849
0.08012	0.23787
0.08016	0.56613
0.0802	0.89575
0.08024	1.2973
0.08028	1.67672
0.08032	1.96365
0.08036	2.34614
0.0804	2.80043
0.08044	3.04431
0.08048	3.38338
0.08052	3.44132
0.08056	3.50026
0.0806	3.37192
0.08064	3.17374
0.08068	2.81148
0.08072	2.426
0.08076	2.08742
0.0808	1.6543
0.08084	1.24378
0.08088	0.90235
0.08092	0.53569
0.08096	0.40224
0.081	0.12563
0.08104	0.03503
0.08108	0.1068
0.08112	0.36434
0.08116	0.6196
0.0812	0.99037
0.08124	1.40633
0.08128	1.79728
0.08132	2.25777
0.08136	2.55291
0.0814	2.89461
0.08144	3.14196
0.08148	3.45969
0.08152	3.58934
0.08156	3.5077
0.0816	3.47358
0.08164	3.22842
0.08168	2.88993
0.08172	2.55217
0.08176	2.14454
0.0818	1.76102
0.08184	1.37792
0.08188	1.04207
0.08192	0.68289
0.08196	0.39435
0.082	0.24686
0.08204	0.09927
0.08208	0.1396
0.08212	0.3207
0.08216	0.525
0.0822	0.79959
0.08224	1.23854
0.08228	1.6068
0.08232	2.09265
0.08236	2.41402
0.0824	2.78267
0.08244	2.96358
0.08248	3.23898
0.08252	3.37373
0.08256	3.32094
0.0826	3.15127
0.08264	3.05274
0.08268	2.67259
0.08272	2.31651
0.08276	1.93726
0.0828	1.48762
0.08284	1.06144
0.08288	0.82293
0.08292	0.53696
0.08296	0.20374
0.083	0.08198
0.08304	0.14814
0.08308	0.14372
0.08312	0.35107
0.08316	0.58225
0.0832	0.83757
0.08324	1.28188
0.08328	1.72735
0.08332	2.17439
0.08336	2.50555
0.0834	2.95601
0.08344	3.22015
0.08348	3.43917
0.08352	3.56608
0.08356	3.57742
0.0836	3.5672
0.08364	3.46481
0.08368	3.08218
0.08372	2.70143
0.08376	2.2753
0.0838	1.8506
0.08384	1.4035
0.08388	1.09786
0.08392	0.74493
0.08396	0.43827
0.084	0.1304
0.08404	0.10293
0.08408	0.16723
0.08412	0.36998
0.08416	0.66385
0.0842	1.04867
0.08424	1.50082
0.08428	1.94978
0.08432	2.37255
0.08436	2.81659
0.0844	3.23526
0.08444	3.69947
0.08448	3.83352
0.08452	3.82611
0.08456	3.8892
0.0846	3.83494
0.08464	3.56966
0.08468	3.21131
0.08472	2.87761
0.08476	2.52163
0.0848	1.95546
0.08484	1.46141
0.08488	1.01555
0.08492	0.71153
0.08496	0.43145
0.085	0.10455
0.08504	0.13018
0.08508	0.36673
0.08512	0.46132
0.08516	0.649
0.0852	0.90609
0.08524	1.25592
0.08528	1.74537
0.08532	2.2101
0.08536	2.55644
0.0854	2.99625
0.08544	3.45918
0.08548	3.45188
0.08552	3.35112
0.08556	3.48614
0.0856	3.38675
0.08564	3.1473
0.08568	2.93252
0.08572	2.55436
0.08576	2.17751
0.0858	1.77842
0.08584	1.35704
0.08588	1.00704
0.08592	0.70462
0.08596	0.35558
0.086	-0.01668
0.08604	0.08125
0.08608	0.27275
0.08612	0.39316
0.08616	0.63057
0.0862	0.98489
0.08624	1.26804
0.08628	1.64473
0.08632	1.92725
0.08636	2.35096
0.0864	2.77493
0.08644	3.22285
0.08648	3.20142
0.08652	3.18134
0.08656	3.32727
0.0866	3.19256
0.08664	2.89515
0.08668	2.67026
0.08672	2.4003
0.08676	2.10882
0.0868	1.65477
0.08684	1.2028
0.08688	0.84647
0.08692	0.65574
0.08696	0.39501
0.087	-0.0065
0.08704	0.06206
0.08708	0.22381
0.08712	0.29041
0.08716	0.35575
0.0872	0.63115
0.08724	0.97522
0.08728	1.41126
0.08732	1.72791
0.08736	1.99612
0.0874	2.42766
0.08744	2.88159
0.08748	2.9351
0.08752	3.01187
0.08756	3.1825
0.0876	3.23552
0.08764	3.00667
0.08768	2.75485
0.08772	2.45665
0.08776	2.15911
0.0878	1.81521
0.08784	1.3545
0.08788	0.94121
0.08792	0.64546
0.08796	0.3728
0.088	0.16996
0.08804	0.13064
0.08808	0.13699
0.08812	0.35332
0.08816	0.56778
0.0882	0.82737
0.08824	1.27303
0.08828	1.69307
0.08832	2.18195
0.08836	2.64594
0.0884	2.99142
0.08844	3.28937
0.08848	3.44614
0.08852	3.65015
0.08856	3.64308
0.0886	3.56639
0.08864	3.42031
0.08868	3.06406
0.08872	2.73299
0.08876	2.33313
0.0888	1.84111
0.08884	1.42153
0.08888	1.02691
0.08892	0.63336
0.08896	0.35804
0.089	0.20046
0.08904	0.16022
0.08908	0.16641
0.08912	0.33628
0.08916	0.59896
0.0892	0.90718
0.08924	1.30776
0.08928	1.73004
0.08932	2.19782
0.08936	2.64086
0.0894	3.03597
0.08944	3.2895
0.08948	3.51936
0.08952	3.74929
0.08956	3.76796
0.0896	3.57576
0.08964	3.43157
0.08968	3.12391
0.08972	2.77051
0.08976	2.27743
0.0898	1.90331
0.08984	1.50697
0.08988	1.11186
0.08992	0.76498
0.08996	0.41928
0.09	0.21576
0.09004	0.15427
0.09008	0.11715
0.09012	0.24538
0.09016	0.44479
0.0902	0.78582
0.09024	1.08033
0.09028	1.46942
0.09032	1.95301
0.09036	2.34292
0.0904	2.70968
0.09044	3.02971
0.09048	3.32642
0.09052	3.48218
0.09056	3.56746
0.0906	3.55863
0.09064	3.40853
0.09068	3.14054
0.09072	2.80146
0.09076	2.34402
0.0908	1.93248
0.09084	1.56634
0.09088	1.12761
0.09092	0.68645
0.09096	0.45401
0.091	0.28877
0.09104	0.073
0.09108	0.06518
0.09112	0.19457
0.09116	0.36715
0.0912	0.55957
0.09124	0.88964
0.09128	1.24009
0.09132	1.7289
0.09136	2.14497
0.0914	2.46543
0.09144	2.71442
0.09148	3.03355
0.09152	3.1882
0.09156	3.24951
0.0916	3.19453
0.09164	3.16479
0.09168	2.92561
0.09172	2.57158
0.09176	2.15014
0.0918	1.77916
0.09184	1.34131
0.09188	0.97756
0.09192	0.6407
0.09196	0.35409
0.092	0.235
0.09204	0.11853
0.09208	0.16899
0.09212	0.31546
0.09216	0.51058
0.0922	0.80103
0.09224	1.18643
0.09228	1.59584
0.09232	1.98225
0.09236	2.36915
0.0924	2.63898
0.09244	2.8388
0.09248	3.0626
0.09252	3.12219
0.09256	3.15862
0.0926	3.10123
0.09264	3.04387
0.09268	2.63381
0.09272	2.27069
0.09276	1.90713
0.0928	1.4958
0.09284	1.20088
0.09288	0.85733
0.09292	0.58269
0.09296	0.30639
0.093	0.14601
0.09304	0.14853
0.09308	0.10244
0.09312	0.431
0.09316	0.71108
0.0932	0.94305
0.09324	1.33887
0.09328	1.75779
0.09332	2.24727
0.09336	2.54888
0.0934	2.945
0.09344	3.20059
0.09348	3.40993
0.09352	3.5026
0.09356	3.50226
0.0936	3.38552
0.09364	3.29345
0.09368	2.96744
0.09372	2.59566
0.09376	2.15452
0.0938	1.83191
0.09384	1.43949
0.09388	1.04752
0.09392	0.58547
0.09396	0.31193
0.094	0.22667
0.09404	0.21198
0.09408	0.15033
0.09412	0.41787
0.09416	0.73227
0.0942	1.02308
0.09424	1.3845
0.09428	1.74606
0.09432	2.15503
0.09436	2.65833
0.0944	3.06776
0.09444	3.21886
0.09448	3.37029
0.09452	3.54541
0.09456	3.67351
0.0946	3.49589
0.09464	3.43571
0.09468	3.16349
0.09472	2.89068
0.09476	2.52293
0.0948	2.03644
0.09484	1.54846
0.09488	1.08177
0.09492	0.75348
0.09496	0.53958
0.095	0.3692
0.09504	0.26567
0.09508	0.08788
0.09512	0.56448
0.09516	0.91932
0.0952	1.17629
0.09524	1.66489
0.09528	2.10323
0.09532	2.56268
0.09536	3.02023
0.0954	3.35893
0.09544	3.43841
0.09548	3.70593
0.09552	3.97369
0.09556	3.86608
0.0956	3.50142
0.09564	3.46784
0.09568	3.1072
0.09572	2.67866
0.09576	2.32352
0.0958	1.90087
0.09584	1.52845
0.09588	1.13558
0.09592	0.81615
0.09596	0.47593
0.096	0.20881
0.09604	0.27305
0.09608	0.12759
0.09612	0.54806
0.09616	1.01661
0.0962	1.39205
0.09624	1.74485
0.09628	2.12189
0.09632	2.57025
0.09636	2.94892
0.0964	3.35205
0.09644	3.49763
0.09648	3.69149
0.09652	3.83953
0.09656	3.73024
0.0966	3.50483
0.09664	3.32779
0.09668	2.98739
0.09672	2.6716
0.09676	2.23916
0.0968	1.78396
0.09684	1.3527
0.09688	0.92144
0.09692	0.63082
0.09696	0.48034
0.097	0.25806
0.09704	0.29286
0.09708	0.23181
0.09712	0.59195
0.09716	0.83224
0.0972	1.28187
0.09724	1.72917
0.09728	2.08033
0.09732	2.52377
0.09736	2.94217
0.0974	3.28884
0.09744	3.44661
0.09748	3.58043
0.09752	3.76099
0.09756	3.65939
0.0976	3.48757
0.09764	3.26921
0.09768	2.98089
0.09772	2.7402
0.09776	2.35906
0.0978	1.79059
0.09784	1.36396
0.09788	1.07858
0.09792	0.72261
0.09796	0.43696
0.098	0.19789
0.09804	0.19321
0.09808	0.18755
0.09812	0.34532
0.09816	0.5723
0.0982	0.93888
0.09824	1.44491
0.09828	1.78475
0.09832	2.12343
0.09836	2.48462
0.0984	2.82141
0.09844	3.11047
0.09848	3.30491
0.09852	3.38141
0.09856	3.43414
0.0986	3.3221
0.09864	3.09248
0.09868	2.76883
0.09872	2.46865
0.09876	2.0743
0.0988	1.65621
0.09884	1.23773
0.09888	0.88914
0.09892	0.58702
0.09896	0.3785
0.099	0.1697
0.09904	0.10188
0.09908	0.19865
0.09912	0.36613
0.09916	0.60462
0.0992	0.96141
0.09924	1.46125
0.09928	1.84479
0.09932	2.23019
0.09936	2.59409
0.0994	3.0306
0.09944	3.42223
0.09948	3.62808
0.09952	3.6719
0.09956	3.67139
0.0996	3.46203
0.09964	3.32602
0.09968	2.9567
0.09972	2.66082
0.09976	2.27362
0.0998	1.93598
0.09984	1.38913
0.09988	0.82083
0.09992	0.51273
0.09996	0.39369
0.1	0.18116